model_name: tiny_preactresnet18_badnet_0_1, model 6640.0, scores: [6.64e+03 1.00e+01 1.50e+01 2.20e+01 1.70e+01 5.00e+00 2.10e+01 1.70e+01
 2.00e+01 2.00e+01 3.60e+01 2.10e+01 1.70e+01 3.00e+00 1.70e+01 1.50e+01
 1.30e+01 9.00e+00 1.20e+01 1.00e+01 1.20e+01 1.30e+01 1.60e+01 2.00e+01
 1.10e+01 2.60e+01 2.50e+01 1.30e+01 1.80e+01 9.00e+00 1.40e+01 2.40e+01
 1.70e+01 9.00e+00 8.00e+00 2.40e+01 7.00e+00 1.30e+01 8.00e+00 1.00e+01
 1.40e+01 2.80e+01 1.60e+01 1.60e+01 1.20e+01 9.00e+00 2.70e+01 2.40e+01
 1.40e+01 2.00e+01 2.40e+01 1.10e+01 2.20e+01 2.10e+01 1.60e+01 1.30e+01
 1.70e+01 6.00e+00 6.00e+00 1.70e+01 9.00e+00 1.00e+01 2.10e+01 8.00e+00
 2.00e+01 1.40e+01 2.60e+01 2.90e+01 9.00e+00 2.90e+01 2.10e+01 3.70e+01
 2.50e+01 1.70e+01 2.80e+01 1.70e+01 1.50e+01 9.00e+00 3.00e+01 2.50e+01
 1.80e+01 2.00e+01 7.00e+00 7.00e+00 1.40e+01 1.70e+01 1.10e+01 1.40e+01
 1.80e+01 2.00e+01 8.00e+00 1.20e+01 8.00e+00 2.60e+01 1.30e+01 2.30e+01
 4.10e+01 2.20e+01 1.80e+01 1.40e+01 1.50e+01 1.60e+01 2.50e+01 1.80e+01
 1.30e+01 1.60e+01 1.60e+01 2.50e+01 2.30e+01 1.00e+01 8.00e+00 1.20e+01
 1.30e+01 9.00e+00 1.30e+01 3.20e+01 2.00e+00 3.00e+01 1.60e+01 1.70e+01
 1.50e+01 2.60e+01 1.30e+01 1.70e+01 3.50e+01 7.00e+00 6.00e+00 2.00e+01
 1.60e+01 2.30e+01 1.30e+01 1.10e+01 2.30e+01 2.00e+01 2.60e+01 1.20e+01
 2.20e+01 1.40e+01 9.00e+00 1.10e+01 2.70e+01 1.40e+01 2.10e+01 6.00e+00
 3.20e+01 2.10e+01 1.60e+01 1.50e+01 1.70e+01 2.40e+01 1.30e+01 2.20e+01
 5.00e+00 9.00e+00 3.40e+01 2.70e+01 1.50e+01 2.30e+01 1.40e+01 1.20e+01
 1.50e+01 2.10e+01 2.00e+01 1.10e+01 2.40e+01 2.60e+01 2.90e+01 2.20e+01
 1.30e+01 2.40e+01 2.30e+01 1.70e+01 1.90e+01 2.70e+01 5.00e+00 1.00e+01
 1.80e+01 2.70e+01 1.90e+01 1.90e+01 1.00e+01 1.60e+01 1.00e+01 8.00e+00
 6.00e+00 4.00e+00 5.00e+00 1.30e+01 1.00e+01 5.00e+00 1.80e+01 1.20e+01
 1.20e+01 1.80e+01 2.00e+01 3.20e+01 6.00e+00 2.20e+01 4.40e+01 5.00e+00] 

model_name: tiny_preactresnet18_blended_0_1, model 236.0, scores: [236.  49.  49.  53.  50.  36.  51.  41.  49.  53.  53.  41.  51.  39.
  52.  46.  49.  45.  39.  51.  53.  35.  53.  52.  53.  50.  57.  36.
  46.  39.  43.  47.  45.  46.  49.  64.  55.  44.  48.  51.  47.  50.
  51.  50.  45.  53.  51.  48.  41.  45.  49.  45.  52.  43.  47.  53.
  56.  42.  55.  49.  51.  57.  54.  65.  48.  39.  47.  41.  38.  67.
  37.  64.  34.  51.  53.  39.  45.  32.  60.  48.  45.  55.  54.  41.
  40.  57.  55.  55.  48.  53.  60.  61.  32.  60.  60.  44.  38.  48.
  41.  57.  42.  56.  42.  55.  35.  44.  39.  56.  52.  58.  50.  59.
  47.  47.  54.  51.  46.  60.  48.  49.  45.  38.  58.  51.  49.  43.
  53.  51.  51.  53.  47.  63.  38.  49.  51.  33.  50.  38.  45.  24.
  48.  48.  50.  53.  64.  62.  57.  41.  43.  65.  48.  60.  49.  47.
  42.  52.  43.  45.  30.  40.  46.  62.  56.  50.  45.  44.  49.  49.
  48.  49.  40.  52.  44.  41.  60.  54.  55.  66.  45.  52.  54.  37.
  35.  41.  56.  54.  42.  48.  70.  55.  56.  59.  51.  58.  49.  56.
  55.  52.  66.  47.] 

model_name: tiny_preactresnet18_blind_0_1, model 76.0, scores: [58. 44. 52. 55. 54. 50. 53. 44. 47. 51. 47. 53. 59. 41. 55. 40. 36. 53.
 37. 51. 43. 44. 58. 59. 42. 54. 55. 43. 40. 41. 45. 46. 52. 39. 44. 68.
 53. 46. 47. 55. 48. 59. 57. 43. 48. 53. 44. 45. 39. 44. 50. 47. 59. 47.
 49. 60. 46. 45. 53. 43. 56. 58. 41. 50. 52. 50. 64. 33. 48. 48. 40. 56.
 43. 51. 55. 52. 59. 50. 57. 40. 37. 55. 70. 38. 41. 58. 52. 54. 43. 46.
 58. 54. 39. 53. 54. 50. 44. 51. 57. 60. 51. 53. 41. 49. 47. 58. 48. 59.
 63. 57. 49. 53. 40. 51. 57. 47. 43. 51. 48. 52. 50. 44. 41. 57. 55. 48.
 55. 38. 55. 59. 54. 45. 51. 46. 43. 44. 69. 41. 45. 35. 50. 47. 46. 53.
 50. 58. 46. 51. 43. 56. 49. 47. 65. 58. 49. 55. 43. 42. 35. 46. 46. 52.
 46. 39. 42. 47. 50. 46. 34. 46. 43. 51. 47. 45. 50. 34. 50. 55. 48. 57.
 59. 43. 42. 39. 56. 48. 57. 56. 69. 48. 66. 54. 55. 61. 56. 74. 76. 74.
 61. 47.] 

model_name: tiny_preactresnet18_bpp_0_1, model 212.0, scores: [212.  49.  48.  48.  61.  32.  73.  42.  47.  44.  42.  49.  60.  29.
  47.  39.  40.  45.  61.  44.  52.  39.  49.  46.  43.  50.  57.  45.
  47.  49.  54.  62.  57.  54.  36.  64.  47.  50.  53.  37.  34.  40.
  65.  55.  43.  48.  58.  54.  50.  39.  50.  55.  47.  56.  48.  61.
  39.  44.  52.  44.  50.  55.  58.  46.  55.  56.  52.  40.  52.  56.
  61.  57.  54.  37.  41.  46.  42.  40.  57.  46.  35.  60.  52.  38.
  34.  46.  43.  41.  35.  53.  58.  38.  47.  66.  47.  46.  39.  46.
  49.  55.  43.  43.  59.  40.  47.  54.  73.  57.  57.  57.  43.  44.
  40.  42.  47.  46.  37.  46.  45.  56.  46.  41.  38.  55.  44.  47.
  46.  41.  37.  58.  56.  65.  35.  41.  38.  39.  62.  52.  42.  41.
  57.  59.  52.  50.  63.  57.  55.  52.  33.  55.  43.  51.  77.  54.
  51.  47.  34.  30.  39.  62.  62.  59.  51.  51.  42.  44.  47.  61.
  39.  39.  51.  52.  50.  44.  56.  38.  64.  60.  54.  50.  49.  52.
  40.  47.  46.  36.  41.  43.  51.  47.  54.  62.  56.  65.  62.  59.
  52.  61.  79.  49.] 

model_name: tiny_preactresnet18_inputaware_0_1, model 1366.0, scores: [1366.   27.   53.   17.   37.   31.   27.   22.   32.   34.   20.   21.
   29.   30.   23.   30.   25.   46.   44.   54.   33.   24.   24.   31.
   23.   22.   39.   25.   33.   28.   33.   24.   20.   24.   22.   28.
   32.   22.   37.   17.   27.   21.  122.   31.   38.   45.   54.   28.
   27.   39.   32.   31.   16.   33.   33.   35.   22.   27.   35.   33.
   34.   45.   26.   29.   26.   46.   41.   25.   35.   23.   44.   14.
   14.   30.   28.   24.   38.   24.   34.   35.   32.   51.   26.  595.
   27.   26.   40.   46.   24.   30.   21.   31.   40.   40.   50.   19.
   31.   37.   34.   30.   35.   13.   32.   25.   34.   35.   33.   46.
   46.   31.   26.   37.   23.   27.   39.   26.   46.   33.   35.   38.
   32.   39.   16.   54.   14.   26.   34.   33.   50.   48.   39.   39.
   18.   57.   31.   31.   31.   23.   38.   31.   38.   23.   22.   51.
   34.   45.   47.   30.   93.   42.   34.   27.   39.   35.   27.   33.
   23.   25.   30.   24.   38.   27.   30.  100.   41.   37.   51.   55.
   15.   61.   34.   36.   22.    7.   40.   21.   47.   48.   54.   34.
   29.   38.   36.   22. 1039.   28.   49.   46.   37.   33.   34.   46.
   28.   43.   35.   38.   63.   28.   37.  344.] 

model_name: tiny_preactresnet18_lf_0_1, model 313.0, scores: [313.  47.  38.  58.  61.  38.  58.  44.  53.  45.  35.  41.  57.  45.
  55.  43.  40.  54.  43.  58.  46.  41.  53.  65.  37.  50.  43.  33.
  40.  50.  39.  59.  49.  51.  41.  48.  51.  48.  42.  48.  50.  54.
  58.  52.  47.  51.  65.  38.  42.  57.  49.  45.  53.  46.  51.  55.
  48.  46.  48.  38.  50.  52.  43.  60.  48.  44.  59.  33.  46.  41.
  45.  53.  43.  42.  49.  43.  31.  47.  67.  43.  33.  49.  47.  32.
  39.  55.  48.  54.  38.  61.  66.  46.  40.  55.  53.  57.  41.  67.
  42.  62.  55.  56.  43.  54.  46.  44.  45.  49.  54.  50.  53.  44.
  49.  52.  52.  51.  39.  60.  51.  41.  54.  50.  42.  39.  52.  41.
  48.  42.  51.  54.  54.  42.  35.  49.  46.  38.  51.  38.  43.  27.
  45.  49.  54.  50.  46.  54.  58.  54.  51.  57.  43.  59.  63.  50.
  51.  50.  45.  47.  43.  37.  57.  45.  46.  38.  49.  47.  50.  75.
  32.  52.  50.  50.  42.  47.  41.  48.  52.  46.  53.  58.  51.  47.
  52.  41.  54.  48.  59.  51.  51.  43.  55.  62.  51.  56.  56.  60.
  61.  45.  68.  44.] 

model_name: tiny_preactresnet18_lira_0_1, model 609.0, scores: [309.  69. 102. 106.   3.   9.   0.   3.  11.   2.   8.  11.  13.   2.
  32.  17.  37.  28.  41.   2.  16.   9.   0.  16. 160.   2.  12.  30.
  11.   8.  43.  28.  37.  24.  12.   2.  25.   8.  16.  68.  69.   6.
 383.  10.  27.  64.   5. 105.  22.  31.   7.   4.  97.   2.  42.   7.
  12.   3. 190. 241.  12.  31. 207.  22.  27.   4.  95.  77.   1.  21.
  33.   4.  15.  74.  26.   9.  30.  10.  27. 418.  45.   3.   5.  69.
   2.  81.  13.   8.  31.  39.  28.   0.  37.  74.  19.   8.   2.   7.
  31.  22.  30.  14.  39. 190.  23.   7.   6.  21.   0.  13.  19.   1.
   7.  26.  80.   3.   3.  41.   3.  10.   1.  23.   5.  16.   1.   4.
   7.  11.  14. 212. 112.  62.   7.  29.  32.  28.   4.  22.  29.  38.
  30.  49.  57.  38.  15.  22.  54. 100.  18. 396.  14.  14.  38.  39.
   3.  25.  73.   0.   8. 105.  88.  13.  29.  12.  56.   0.  14.  12.
  18.  17.  14.  33.  17.   6. 171. 188. 121. 135. 609.  71.  64.   8.
  38.  52. 521. 289. 131.  55. 112. 144.  89. 101.  39.  10.   0.   5.
  32.  22.   1.  46.] 

model_name: tiny_preactresnet18_ssba_0_1, model 356.0, scores: [356.  42.  54.  59.  44.  48.  57.  45.  47.  53.  40.  54.  58.  44.
  55.  42.  32.  59.  62.  47.  47.  36.  55.  55.  45.  47.  56.  36.
  39.  43.  45.  53.  46.  48.  41.  64.  46.  49.  51.  56.  48.  51.
  63.  54.  51.  54.  55.  40.  60.  58.  47.  48.  51.  44.  56.  48.
  37.  46.  48.  39.  48.  65.  46.  43.  44.  44.  45.  46.  46.  41.
  46.  43.  41.  43.  41.  40.  49.  44.  55.  36.  39.  54.  67.  44.
  37.  57.  46.  50.  39.  61.  50.  42.  31.  63.  53.  44.  43.  45.
  46.  42.  52.  55.  38.  56.  39.  37.  43.  47.  55.  47.  47.  58.
  56.  43.  40.  49.  34.  47.  46.  47.  44.  41.  48.  49.  60.  37.
  52.  34.  49.  63.  51.  44.  42.  58.  41.  39.  57.  36.  43.  38.
  48.  39.  49.  49.  49.  56.  52.  51.  47.  55.  48.  63.  61.  51.
  38.  53.  41.  35.  37.  45.  45.  64.  62.  44.  56.  54.  48.  71.
  37.  64.  50.  48.  39.  48.  43.  51.  46.  59.  49.  47.  51.  39.
  32.  40.  50.  57.  49.  48.  47.  59.  51.  64.  57.  66.  39.  62.
  62.  51.  63.  46.] 

model_name: tiny_preactresnet18_trojannn_0_1, model 431.0, scores: [431.  46.  46.  65.  54.  49.  42.  35.  53.  34.  47.  45.  50.  45.
  56.  50.  40.  56.  49.  53.  55.  36.  53.  65.  55.  55.  49.  42.
  41.  43.  49.  55.  53.  48.  42.  62.  59.  45.  40.  52.  38.  39.
  45.  58.  46.  49.  65.  40.  45.  46.  55.  43.  49.  43.  48.  50.
  40.  39.  49.  45.  56.  61.  47.  52.  41.  51.  50.  44.  39.  44.
  44.  54.  38.  58.  47.  40.  48.  40.  59.  45.  34.  52.  60.  49.
  33.  37.  46.  51.  39.  51.  69.  45.  38.  78.  45.  40.  34.  54.
  54.  45.  60.  48.  50.  47.  41.  41.  37.  50.  55.  50.  49.  58.
  37.  35.  47.  51.  34.  57.  50.  44.  38.  36.  27.  49.  50.  38.
  58.  48.  58.  59.  48.  44.  41.  57.  56.  41.  56.  49.  46.  30.
  34.  46.  47.  44.  43.  59.  51.  45.  43.  56.  52.  46.  61.  56.
  38.  34.  37.  54.  42.  31.  38.  60.  40.  44.  43.  50.  45.  54.
  29.  41.  43.  47.  44.  44.  54.  37.  53.  58.  46.  62.  53.  46.
  47.  50.  54.  43.  47.  49.  60.  55.  61.  61.  61.  51.  51.  65.
  68.  57.  65.  46.] 

model_name: tiny_preactresnet18_wanet_0_1, model 3526.0, scores: [1.128e+03 6.000e+00 1.000e+02 1.300e+01 1.200e+01 0.000e+00 0.000e+00
 1.000e+00 2.000e+00 0.000e+00 1.500e+01 0.000e+00 3.900e+01 5.000e+00
 1.780e+02 1.400e+01 1.200e+01 1.200e+01 1.100e+01 2.000e+00 1.000e+00
 4.000e+00 0.000e+00 5.000e+00 2.000e+00 8.000e+00 1.000e+00 2.000e+00
 0.000e+00 4.000e+00 9.000e+00 1.300e+01 7.000e+00 4.000e+00 0.000e+00
 0.000e+00 1.400e+01 1.700e+01 4.400e+01 1.560e+02 1.460e+02 0.000e+00
 3.526e+03 8.300e+01 2.000e+01 3.300e+01 2.000e+00 2.000e+00 0.000e+00
 0.000e+00 2.000e+00 1.000e+00 4.000e+00 0.000e+00 4.300e+01 2.000e+00
 1.000e+00 1.000e+00 2.000e+00 8.100e+01 5.000e+00 1.700e+01 4.400e+01
 8.000e+00 5.500e+01 6.000e+00 9.000e+00 1.000e+00 0.000e+00 2.000e+00
 1.500e+01 1.000e+01 1.000e+01 2.600e+01 9.000e+00 1.000e+00 2.700e+01
 0.000e+00 6.000e+00 1.500e+01 8.000e+00 3.000e+00 3.000e+00 4.000e+00
 2.000e+00 1.100e+01 1.800e+01 4.000e+00 4.000e+00 8.000e+00 4.600e+01
 0.000e+00 1.200e+01 7.600e+01 3.000e+00 6.000e+00 2.000e+00 1.400e+01
 5.000e+00 4.000e+00 1.000e+00 1.300e+01 1.300e+01 2.000e+01 2.000e+00
 0.000e+00 3.000e+00 1.200e+01 0.000e+00 4.200e+01 3.600e+01 4.000e+00
 4.000e+00 2.000e+00 2.700e+01 3.000e+00 2.000e+00 5.200e+01 3.300e+01
 0.000e+00 1.000e+00 1.000e+01 5.000e+00 5.000e+00 1.100e+01 5.000e+00
 2.000e+00 2.300e+01 1.100e+01 9.500e+01 3.100e+01 4.000e+00 7.000e+00
 2.400e+01 1.300e+01 4.600e+01 2.000e+00 5.000e+00 4.000e+00 2.000e+00
 3.100e+01 1.400e+01 5.000e+00 0.000e+00 2.000e+00 2.200e+01 8.000e+00
 1.000e+00 8.600e+01 1.730e+02 2.000e+00 1.000e+00 7.400e+01 6.000e+00
 2.700e+01 2.700e+01 0.000e+00 6.000e+00 1.300e+01 1.800e+01 2.400e+01
 4.000e+00 1.870e+02 3.000e+00 5.000e+00 3.000e+00 1.700e+01 3.700e+01
 9.000e+00 9.000e+00 5.300e+01 1.700e+01 1.000e+01 5.000e+00 2.600e+01
 5.000e+00 2.000e+01 6.000e+01 5.150e+02 0.000e+00 8.000e+00 4.000e+00
 3.000e+00 1.640e+02 1.052e+03 1.300e+01 4.100e+01 1.700e+01 3.200e+01
 6.000e+00 3.900e+01 4.600e+01 1.040e+02 7.000e+00 6.000e+00 1.000e+00
 1.700e+01 3.600e+01 1.100e+01 4.000e+00] 

