model_name: cifar10_preactresnet18, model 1028.0, scores: [ 966. 1012.  999.  956. 1028. 1027. 1012.  993. 1018.  989.] 

model_name: gtsrb_preactresnet18, model 797.0, scores: [ 66. 766. 797. 456. 619. 659. 139. 407. 418. 474. 660. 458. 677. 719.
 270. 210. 148. 349. 358.  49. 108.  95. 118. 148.  88. 481. 188.  62.
 159. 110.  98. 254.  61. 212. 120. 386. 120.  62. 695.  67. 144.  61.
  94.] 

model_name: cifar100_preactresnet18, model 133.0, scores: [ 96. 106.  97.  87. 106.  93. 106.  86. 101.  93.  99.  99. 100.  74.
 111. 103.  96.  94.  96.  79.  91. 110.  93. 105.  87. 104.  85. 125.
  87.  96.  95.  90. 116. 119. 105.  84.  99. 113. 117.  89.  96. 109.
 116.  88. 114. 103.  82. 108. 107. 106.  91.  96. 114. 108. 110.  94.
  97.  88.  90.  94. 112.  81. 122. 133.  96.  95. 110. 115.  99.  93.
  88. 108. 112. 105. 124. 102.  99.  78. 102.  91.  91. 128. 101.  95.
  89. 100.  90.  90.  96. 100. 112. 110.  82. 107. 103.  99. 105. 106.
  87. 101.] 

model_name: tiny_preactresnet18, model 76.0, scores: [51. 50. 42. 49. 47. 54. 51. 48. 46. 65. 41. 52. 55. 48. 44. 55. 45. 49.
 39. 52. 49. 37. 56. 60. 45. 52. 61. 49. 45. 50. 33. 49. 56. 40. 45. 73.
 53. 45. 53. 51. 54. 50. 53. 51. 51. 51. 60. 56. 39. 57. 60. 53. 61. 49.
 52. 38. 43. 43. 50. 45. 49. 63. 54. 46. 45. 56. 62. 42. 48. 49. 44. 44.
 44. 59. 59. 43. 44. 39. 52. 44. 34. 53. 62. 39. 35. 51. 48. 42. 39. 54.
 53. 50. 34. 55. 54. 52. 46. 45. 62. 50. 28. 49. 51. 47. 41. 76. 43. 47.
 65. 51. 52. 52. 59. 48. 55. 44. 38. 43. 56. 44. 60. 38. 48. 49. 59. 47.
 57. 42. 49. 51. 55. 39. 42. 50. 45. 38. 55. 34. 40. 38. 58. 42. 42. 63.
 52. 63. 64. 59. 43. 67. 59. 50. 59. 61. 42. 54. 51. 47. 33. 41. 49. 57.
 53. 40. 56. 48. 52. 51. 34. 45. 49. 54. 37. 41. 55. 41. 59. 59. 55. 61.
 44. 43. 51. 41. 51. 55. 50. 47. 62. 60. 58. 59. 54. 55. 59. 71. 61. 54.
 61. 48.] 

